20
36302668 1 10000000 10000000 10000000 910000001 610000000 380000001 579999998
95658191 9999991 1 9999991 9999989 259999767 659999403 989998912 909999000
972766173386786486 123 1 10000000 10000000 590000001 680000000 610000001 970000002
848937385843 8 7 17 19 0 5 6 2
859373750084 8 7 17 19 1 16 6 2
967702028973969107 1 10000000 10000000 10000000 840000001 670000000 40000001 19999998
94563103 1 5 9999949 9999991 419997859 389998009 149999866 279999748
523223149082128364 158568 991720 2994044 1181676 376610494 650869357 336623539 620070320
11 2 3 5 7 11 13 17 19
1530944270 123456 557 9988776 1025 559372110 918968142 802729910 688062000
81834165 9999991 1 9999991 9999989 389999650 169999844 799999121 149999837
81922551 759324 967048 10000000 9999999 930000001 980000000 29999998 279999972
80933573 102400 15000 9699690 9748872 989369349 872975008 916394050 370457193
86974256 123456 557 9988776 1025 729181302 409540566 403985 491394225
299896237124947938 681206 164538 2280874 981991 416793690 904023823 813682336 774801135
918495108443110920 9999991 1 9999991 9999989 849999236 589999466 309999660 169999814
1581945094 9999991 1 9999991 9999989 159999857 489999556 549999396 719999209
1603800783 9999991 1 9999991 9999989 69999938 529999520 339999627 679999254
980046644627629799 9 123456 18 10000000 831918484 451864686 840000324 650000765
1567487689 9 123456 18 10000000 865981936 625209438 350000324 390000765
