20
97 39
34 37 656 97
1000000000 100000
1 1 1 1000000000
98 59
6 30 524 98
73 26
5 8 4 54214
112 73
1 5 3 64100
131 74
1 9 10 78736
198 81
8 5 7 83495
497151700 96511
9 7 6 999919625
1000000000 1
12 7 74 12
1000000000 100000
999999999 1 999999999 1000000000
714311129 39521
9 5 9 999998192
177 73
7 7 5 56401
1000000000 100000
99999 1 99999 100000
1000000000 100000
1 1 0 2
693840425 90561
2 6 7 999957328
249718282 93729
1 5 6 999917908
164 96
76 2 193 164
232959116 56689
4 9 1 999903057
977365070 59489
8 5 9 999966210
218492221 46085
3 7 1 999969453
