20
45068754 29153
2 9 5 999904402
1000000000 100000
1 1 0 2
1000000000 100000
100000 1 0 1000000000
59 26
14 19 681 59
131 74
1 9 10 78736
249718282 93729
1 5 6 999917908
66 39
35 2 589 66
46 18
7 11 9 46
1000000000 1
12 7 74 12
164 96
76 2 193 164
1000000000 100000
99999 1 99999 100000
137 49
48 17 461 137
186 75
68 16 539 186
82 81
58 56 739 82
714311129 39521
9 5 9 999998192
110 53
7 7 1 64417
218492221 46085
3 7 1 999969453
28 21
6 5 1 85919
1000000000 100000
999999999 1 999999999 1000000000
112 73
1 5 3 64100
